City 1,6734,1453
City 2,2233,10
City 3,5530,1424
City 4,401,841
City 5,3082,1644
City 6,7608,4458
City 7,7573,3716
City 8,7265,1268
City 9,6898,1885
City 10,1112,2049
City 11,5468,2606
City 12,5989,2873
City 13,4706,2674
City 14,4612,2035
City 15,6347,2683
City 16,6107,669
City 17,7611,5184
City 18,7462,3590
City 19,7732,4723
City 20,5900,3561
City 21,4483,3369
City 22,6101,1110
City 23,5199,2182
City 24,1633,2809
City 25,4307,2322
City 26,675,1006
City 27,7555,4819
City 28,7541,3981
City 29,3177,756
City 30,7352,4506
City 31,7545,2801
City 32,3245,3305
City 33,6426,3173
City 34,4608,1198
City 35,23,2216
City 36,7248,3779
City 37,7762,4595
City 38,7392,2244
City 39,3484,2829
City 40,6271,2135
City 41,4985,140
City 42,1916,1569
City 43,7280,4899
City 44,7509,3239
City 45,10,2676
City 46,6807,2993
City 47,5185,3258
City 48,3023,1942
